{
 "cells": [
  {
   "cell_type": "code",
   "execution_count": 1,
   "metadata": {},
   "outputs": [],
   "source": [
    "import pandas as pd\n",
    "import numpy as np"
   ]
  },
  {
   "cell_type": "code",
   "execution_count": 2,
   "metadata": {},
   "outputs": [],
   "source": [
    "df = pd.read_csv(\"../Datasets/merged.csv\")"
   ]
  },
  {
   "cell_type": "code",
   "execution_count": 3,
   "metadata": {},
   "outputs": [
    {
     "data": {
      "text/html": [
       "<div>\n",
       "<style scoped>\n",
       "    .dataframe tbody tr th:only-of-type {\n",
       "        vertical-align: middle;\n",
       "    }\n",
       "\n",
       "    .dataframe tbody tr th {\n",
       "        vertical-align: top;\n",
       "    }\n",
       "\n",
       "    .dataframe thead th {\n",
       "        text-align: right;\n",
       "    }\n",
       "</style>\n",
       "<table border=\"1\" class=\"dataframe\">\n",
       "  <thead>\n",
       "    <tr style=\"text-align: right;\">\n",
       "      <th></th>\n",
       "      <th>Date</th>\n",
       "      <th>OpenBrent</th>\n",
       "      <th>HighBrent</th>\n",
       "      <th>LowBrent</th>\n",
       "      <th>CloseBrent</th>\n",
       "      <th>VolumeBrent</th>\n",
       "      <th>OpenCrude</th>\n",
       "      <th>HighCrude</th>\n",
       "      <th>LowCrude</th>\n",
       "      <th>CloseCrude</th>\n",
       "      <th>...</th>\n",
       "      <th>OpenHeating</th>\n",
       "      <th>HighHeating</th>\n",
       "      <th>LowHeating</th>\n",
       "      <th>CloseHeating</th>\n",
       "      <th>VolumeHeating</th>\n",
       "      <th>OpenNatural</th>\n",
       "      <th>HighNatural</th>\n",
       "      <th>LowNatura</th>\n",
       "      <th>CloseNatural</th>\n",
       "      <th>VolumeNatural</th>\n",
       "    </tr>\n",
       "  </thead>\n",
       "  <tbody>\n",
       "    <tr>\n",
       "      <th>0</th>\n",
       "      <td>2000-01-04</td>\n",
       "      <td>23.90</td>\n",
       "      <td>24.70</td>\n",
       "      <td>23.89</td>\n",
       "      <td>24.39</td>\n",
       "      <td>32509</td>\n",
       "      <td>25.20</td>\n",
       "      <td>25.69</td>\n",
       "      <td>24.71</td>\n",
       "      <td>25.55</td>\n",
       "      <td>...</td>\n",
       "      <td>0.6720</td>\n",
       "      <td>0.6830</td>\n",
       "      <td>0.6540</td>\n",
       "      <td>0.6778</td>\n",
       "      <td>25311</td>\n",
       "      <td>2.130</td>\n",
       "      <td>2.200</td>\n",
       "      <td>2.130</td>\n",
       "      <td>2.176</td>\n",
       "      <td>30152</td>\n",
       "    </tr>\n",
       "    <tr>\n",
       "      <th>1</th>\n",
       "      <td>2000-01-05</td>\n",
       "      <td>24.25</td>\n",
       "      <td>24.37</td>\n",
       "      <td>23.70</td>\n",
       "      <td>23.73</td>\n",
       "      <td>30310</td>\n",
       "      <td>25.50</td>\n",
       "      <td>25.61</td>\n",
       "      <td>24.87</td>\n",
       "      <td>24.91</td>\n",
       "      <td>...</td>\n",
       "      <td>0.6790</td>\n",
       "      <td>0.6790</td>\n",
       "      <td>0.6650</td>\n",
       "      <td>0.6655</td>\n",
       "      <td>18691</td>\n",
       "      <td>2.180</td>\n",
       "      <td>2.200</td>\n",
       "      <td>2.125</td>\n",
       "      <td>2.168</td>\n",
       "      <td>27946</td>\n",
       "    </tr>\n",
       "    <tr>\n",
       "      <th>2</th>\n",
       "      <td>2000-01-06</td>\n",
       "      <td>23.55</td>\n",
       "      <td>24.22</td>\n",
       "      <td>23.35</td>\n",
       "      <td>23.62</td>\n",
       "      <td>44662</td>\n",
       "      <td>24.80</td>\n",
       "      <td>25.34</td>\n",
       "      <td>24.51</td>\n",
       "      <td>24.78</td>\n",
       "      <td>...</td>\n",
       "      <td>0.6645</td>\n",
       "      <td>0.6830</td>\n",
       "      <td>0.6550</td>\n",
       "      <td>0.6628</td>\n",
       "      <td>27082</td>\n",
       "      <td>2.165</td>\n",
       "      <td>2.220</td>\n",
       "      <td>2.135</td>\n",
       "      <td>2.196</td>\n",
       "      <td>29071</td>\n",
       "    </tr>\n",
       "    <tr>\n",
       "      <th>3</th>\n",
       "      <td>2000-01-07</td>\n",
       "      <td>23.57</td>\n",
       "      <td>23.98</td>\n",
       "      <td>23.05</td>\n",
       "      <td>23.09</td>\n",
       "      <td>34826</td>\n",
       "      <td>24.65</td>\n",
       "      <td>25.00</td>\n",
       "      <td>24.15</td>\n",
       "      <td>24.22</td>\n",
       "      <td>...</td>\n",
       "      <td>0.6600</td>\n",
       "      <td>0.6710</td>\n",
       "      <td>0.6460</td>\n",
       "      <td>0.6475</td>\n",
       "      <td>26320</td>\n",
       "      <td>2.195</td>\n",
       "      <td>2.230</td>\n",
       "      <td>2.155</td>\n",
       "      <td>2.173</td>\n",
       "      <td>28455</td>\n",
       "    </tr>\n",
       "    <tr>\n",
       "      <th>4</th>\n",
       "      <td>2000-01-10</td>\n",
       "      <td>23.04</td>\n",
       "      <td>23.78</td>\n",
       "      <td>23.04</td>\n",
       "      <td>23.73</td>\n",
       "      <td>26388</td>\n",
       "      <td>24.22</td>\n",
       "      <td>24.75</td>\n",
       "      <td>24.02</td>\n",
       "      <td>24.67</td>\n",
       "      <td>...</td>\n",
       "      <td>0.6445</td>\n",
       "      <td>0.6535</td>\n",
       "      <td>0.6355</td>\n",
       "      <td>0.6472</td>\n",
       "      <td>20721</td>\n",
       "      <td>2.180</td>\n",
       "      <td>2.255</td>\n",
       "      <td>2.165</td>\n",
       "      <td>2.216</td>\n",
       "      <td>28916</td>\n",
       "    </tr>\n",
       "  </tbody>\n",
       "</table>\n",
       "<p>5 rows × 21 columns</p>\n",
       "</div>"
      ],
      "text/plain": [
       "         Date  OpenBrent  HighBrent  LowBrent  CloseBrent  VolumeBrent  \\\n",
       "0  2000-01-04      23.90      24.70     23.89       24.39        32509   \n",
       "1  2000-01-05      24.25      24.37     23.70       23.73        30310   \n",
       "2  2000-01-06      23.55      24.22     23.35       23.62        44662   \n",
       "3  2000-01-07      23.57      23.98     23.05       23.09        34826   \n",
       "4  2000-01-10      23.04      23.78     23.04       23.73        26388   \n",
       "\n",
       "   OpenCrude  HighCrude  LowCrude  CloseCrude  ...  OpenHeating  HighHeating  \\\n",
       "0      25.20      25.69     24.71       25.55  ...       0.6720       0.6830   \n",
       "1      25.50      25.61     24.87       24.91  ...       0.6790       0.6790   \n",
       "2      24.80      25.34     24.51       24.78  ...       0.6645       0.6830   \n",
       "3      24.65      25.00     24.15       24.22  ...       0.6600       0.6710   \n",
       "4      24.22      24.75     24.02       24.67  ...       0.6445       0.6535   \n",
       "\n",
       "   LowHeating  CloseHeating  VolumeHeating  OpenNatural  HighNatural  \\\n",
       "0      0.6540        0.6778          25311        2.130        2.200   \n",
       "1      0.6650        0.6655          18691        2.180        2.200   \n",
       "2      0.6550        0.6628          27082        2.165        2.220   \n",
       "3      0.6460        0.6475          26320        2.195        2.230   \n",
       "4      0.6355        0.6472          20721        2.180        2.255   \n",
       "\n",
       "   LowNatura  CloseNatural  VolumeNatural  \n",
       "0      2.130         2.176          30152  \n",
       "1      2.125         2.168          27946  \n",
       "2      2.135         2.196          29071  \n",
       "3      2.155         2.173          28455  \n",
       "4      2.165         2.216          28916  \n",
       "\n",
       "[5 rows x 21 columns]"
      ]
     },
     "execution_count": 3,
     "metadata": {},
     "output_type": "execute_result"
    }
   ],
   "source": [
    "df.head()"
   ]
  },
  {
   "cell_type": "code",
   "execution_count": 4,
   "metadata": {},
   "outputs": [
    {
     "name": "stderr",
     "output_type": "stream",
     "text": [
      "/var/folders/pc/9c01j4c97lj6kf65dsrjqm0w0000gn/T/ipykernel_65853/1134722465.py:1: FutureWarning: The default value of numeric_only in DataFrame.corr is deprecated. In a future version, it will default to False. Select only valid columns or specify the value of numeric_only to silence this warning.\n",
      "  df.corr()\n"
     ]
    },
    {
     "data": {
      "text/html": [
       "<div>\n",
       "<style scoped>\n",
       "    .dataframe tbody tr th:only-of-type {\n",
       "        vertical-align: middle;\n",
       "    }\n",
       "\n",
       "    .dataframe tbody tr th {\n",
       "        vertical-align: top;\n",
       "    }\n",
       "\n",
       "    .dataframe thead th {\n",
       "        text-align: right;\n",
       "    }\n",
       "</style>\n",
       "<table border=\"1\" class=\"dataframe\">\n",
       "  <thead>\n",
       "    <tr style=\"text-align: right;\">\n",
       "      <th></th>\n",
       "      <th>OpenBrent</th>\n",
       "      <th>HighBrent</th>\n",
       "      <th>LowBrent</th>\n",
       "      <th>CloseBrent</th>\n",
       "      <th>VolumeBrent</th>\n",
       "      <th>OpenCrude</th>\n",
       "      <th>HighCrude</th>\n",
       "      <th>LowCrude</th>\n",
       "      <th>CloseCrude</th>\n",
       "      <th>VolumeCrude</th>\n",
       "      <th>OpenHeating</th>\n",
       "      <th>HighHeating</th>\n",
       "      <th>LowHeating</th>\n",
       "      <th>CloseHeating</th>\n",
       "      <th>VolumeHeating</th>\n",
       "      <th>OpenNatural</th>\n",
       "      <th>HighNatural</th>\n",
       "      <th>LowNatura</th>\n",
       "      <th>CloseNatural</th>\n",
       "      <th>VolumeNatural</th>\n",
       "    </tr>\n",
       "  </thead>\n",
       "  <tbody>\n",
       "    <tr>\n",
       "      <th>OpenBrent</th>\n",
       "      <td>1.000000</td>\n",
       "      <td>0.999519</td>\n",
       "      <td>0.999391</td>\n",
       "      <td>0.998954</td>\n",
       "      <td>0.308884</td>\n",
       "      <td>0.983384</td>\n",
       "      <td>0.982642</td>\n",
       "      <td>0.982949</td>\n",
       "      <td>0.973248</td>\n",
       "      <td>0.165633</td>\n",
       "      <td>0.985781</td>\n",
       "      <td>0.983467</td>\n",
       "      <td>0.986645</td>\n",
       "      <td>0.984373</td>\n",
       "      <td>0.312586</td>\n",
       "      <td>0.143443</td>\n",
       "      <td>0.138720</td>\n",
       "      <td>0.146989</td>\n",
       "      <td>0.142426</td>\n",
       "      <td>0.321737</td>\n",
       "    </tr>\n",
       "    <tr>\n",
       "      <th>HighBrent</th>\n",
       "      <td>0.999519</td>\n",
       "      <td>1.000000</td>\n",
       "      <td>0.999189</td>\n",
       "      <td>0.999430</td>\n",
       "      <td>0.312670</td>\n",
       "      <td>0.983147</td>\n",
       "      <td>0.983336</td>\n",
       "      <td>0.982989</td>\n",
       "      <td>0.974290</td>\n",
       "      <td>0.167481</td>\n",
       "      <td>0.986275</td>\n",
       "      <td>0.984886</td>\n",
       "      <td>0.987413</td>\n",
       "      <td>0.985803</td>\n",
       "      <td>0.314427</td>\n",
       "      <td>0.145602</td>\n",
       "      <td>0.141118</td>\n",
       "      <td>0.149275</td>\n",
       "      <td>0.144886</td>\n",
       "      <td>0.322324</td>\n",
       "    </tr>\n",
       "    <tr>\n",
       "      <th>LowBrent</th>\n",
       "      <td>0.999391</td>\n",
       "      <td>0.999189</td>\n",
       "      <td>1.000000</td>\n",
       "      <td>0.999575</td>\n",
       "      <td>0.303514</td>\n",
       "      <td>0.982574</td>\n",
       "      <td>0.982039</td>\n",
       "      <td>0.983369</td>\n",
       "      <td>0.973191</td>\n",
       "      <td>0.162840</td>\n",
       "      <td>0.984047</td>\n",
       "      <td>0.981947</td>\n",
       "      <td>0.986077</td>\n",
       "      <td>0.983840</td>\n",
       "      <td>0.309161</td>\n",
       "      <td>0.141291</td>\n",
       "      <td>0.136680</td>\n",
       "      <td>0.145177</td>\n",
       "      <td>0.140673</td>\n",
       "      <td>0.320462</td>\n",
       "    </tr>\n",
       "    <tr>\n",
       "      <th>CloseBrent</th>\n",
       "      <td>0.998954</td>\n",
       "      <td>0.999430</td>\n",
       "      <td>0.999575</td>\n",
       "      <td>1.000000</td>\n",
       "      <td>0.306981</td>\n",
       "      <td>0.982370</td>\n",
       "      <td>0.982556</td>\n",
       "      <td>0.983211</td>\n",
       "      <td>0.974198</td>\n",
       "      <td>0.164447</td>\n",
       "      <td>0.984560</td>\n",
       "      <td>0.983147</td>\n",
       "      <td>0.986617</td>\n",
       "      <td>0.985171</td>\n",
       "      <td>0.310379</td>\n",
       "      <td>0.143161</td>\n",
       "      <td>0.138757</td>\n",
       "      <td>0.147147</td>\n",
       "      <td>0.142892</td>\n",
       "      <td>0.320632</td>\n",
       "    </tr>\n",
       "    <tr>\n",
       "      <th>VolumeBrent</th>\n",
       "      <td>0.308884</td>\n",
       "      <td>0.312670</td>\n",
       "      <td>0.303514</td>\n",
       "      <td>0.306981</td>\n",
       "      <td>1.000000</td>\n",
       "      <td>0.240224</td>\n",
       "      <td>0.243369</td>\n",
       "      <td>0.236680</td>\n",
       "      <td>0.222964</td>\n",
       "      <td>0.465690</td>\n",
       "      <td>0.346497</td>\n",
       "      <td>0.348128</td>\n",
       "      <td>0.344130</td>\n",
       "      <td>0.345271</td>\n",
       "      <td>0.664396</td>\n",
       "      <td>-0.429104</td>\n",
       "      <td>-0.429562</td>\n",
       "      <td>-0.428595</td>\n",
       "      <td>-0.429606</td>\n",
       "      <td>0.630312</td>\n",
       "    </tr>\n",
       "    <tr>\n",
       "      <th>OpenCrude</th>\n",
       "      <td>0.983384</td>\n",
       "      <td>0.983147</td>\n",
       "      <td>0.982574</td>\n",
       "      <td>0.982370</td>\n",
       "      <td>0.240224</td>\n",
       "      <td>1.000000</td>\n",
       "      <td>0.999243</td>\n",
       "      <td>0.999214</td>\n",
       "      <td>0.990100</td>\n",
       "      <td>0.136418</td>\n",
       "      <td>0.971799</td>\n",
       "      <td>0.970068</td>\n",
       "      <td>0.972096</td>\n",
       "      <td>0.970478</td>\n",
       "      <td>0.261230</td>\n",
       "      <td>0.253591</td>\n",
       "      <td>0.248693</td>\n",
       "      <td>0.256942</td>\n",
       "      <td>0.252263</td>\n",
       "      <td>0.256567</td>\n",
       "    </tr>\n",
       "    <tr>\n",
       "      <th>HighCrude</th>\n",
       "      <td>0.982642</td>\n",
       "      <td>0.983336</td>\n",
       "      <td>0.982039</td>\n",
       "      <td>0.982556</td>\n",
       "      <td>0.243369</td>\n",
       "      <td>0.999243</td>\n",
       "      <td>1.000000</td>\n",
       "      <td>0.998812</td>\n",
       "      <td>0.991461</td>\n",
       "      <td>0.138551</td>\n",
       "      <td>0.972026</td>\n",
       "      <td>0.971277</td>\n",
       "      <td>0.972577</td>\n",
       "      <td>0.971677</td>\n",
       "      <td>0.261882</td>\n",
       "      <td>0.256151</td>\n",
       "      <td>0.251573</td>\n",
       "      <td>0.259665</td>\n",
       "      <td>0.255216</td>\n",
       "      <td>0.257355</td>\n",
       "    </tr>\n",
       "    <tr>\n",
       "      <th>LowCrude</th>\n",
       "      <td>0.982949</td>\n",
       "      <td>0.982989</td>\n",
       "      <td>0.983369</td>\n",
       "      <td>0.983211</td>\n",
       "      <td>0.236680</td>\n",
       "      <td>0.999214</td>\n",
       "      <td>0.998812</td>\n",
       "      <td>1.000000</td>\n",
       "      <td>0.990400</td>\n",
       "      <td>0.132341</td>\n",
       "      <td>0.970274</td>\n",
       "      <td>0.968822</td>\n",
       "      <td>0.971823</td>\n",
       "      <td>0.970278</td>\n",
       "      <td>0.258770</td>\n",
       "      <td>0.251214</td>\n",
       "      <td>0.246507</td>\n",
       "      <td>0.255021</td>\n",
       "      <td>0.250441</td>\n",
       "      <td>0.255864</td>\n",
       "    </tr>\n",
       "    <tr>\n",
       "      <th>CloseCrude</th>\n",
       "      <td>0.973248</td>\n",
       "      <td>0.974290</td>\n",
       "      <td>0.973191</td>\n",
       "      <td>0.974198</td>\n",
       "      <td>0.222964</td>\n",
       "      <td>0.990100</td>\n",
       "      <td>0.991461</td>\n",
       "      <td>0.990400</td>\n",
       "      <td>1.000000</td>\n",
       "      <td>0.113418</td>\n",
       "      <td>0.960441</td>\n",
       "      <td>0.960143</td>\n",
       "      <td>0.961486</td>\n",
       "      <td>0.961142</td>\n",
       "      <td>0.245017</td>\n",
       "      <td>0.267723</td>\n",
       "      <td>0.263538</td>\n",
       "      <td>0.271367</td>\n",
       "      <td>0.267360</td>\n",
       "      <td>0.245096</td>\n",
       "    </tr>\n",
       "    <tr>\n",
       "      <th>VolumeCrude</th>\n",
       "      <td>0.165633</td>\n",
       "      <td>0.167481</td>\n",
       "      <td>0.162840</td>\n",
       "      <td>0.164447</td>\n",
       "      <td>0.465690</td>\n",
       "      <td>0.136418</td>\n",
       "      <td>0.138551</td>\n",
       "      <td>0.132341</td>\n",
       "      <td>0.113418</td>\n",
       "      <td>1.000000</td>\n",
       "      <td>0.185564</td>\n",
       "      <td>0.185040</td>\n",
       "      <td>0.184994</td>\n",
       "      <td>0.184013</td>\n",
       "      <td>0.430134</td>\n",
       "      <td>-0.264399</td>\n",
       "      <td>-0.267221</td>\n",
       "      <td>-0.262233</td>\n",
       "      <td>-0.265043</td>\n",
       "      <td>0.416516</td>\n",
       "    </tr>\n",
       "    <tr>\n",
       "      <th>OpenHeating</th>\n",
       "      <td>0.985781</td>\n",
       "      <td>0.986275</td>\n",
       "      <td>0.984047</td>\n",
       "      <td>0.984560</td>\n",
       "      <td>0.346497</td>\n",
       "      <td>0.971799</td>\n",
       "      <td>0.972026</td>\n",
       "      <td>0.970274</td>\n",
       "      <td>0.960441</td>\n",
       "      <td>0.185564</td>\n",
       "      <td>1.000000</td>\n",
       "      <td>0.999306</td>\n",
       "      <td>0.999249</td>\n",
       "      <td>0.998631</td>\n",
       "      <td>0.329033</td>\n",
       "      <td>0.171576</td>\n",
       "      <td>0.167798</td>\n",
       "      <td>0.174300</td>\n",
       "      <td>0.170568</td>\n",
       "      <td>0.343210</td>\n",
       "    </tr>\n",
       "    <tr>\n",
       "      <th>HighHeating</th>\n",
       "      <td>0.983467</td>\n",
       "      <td>0.984886</td>\n",
       "      <td>0.981947</td>\n",
       "      <td>0.983147</td>\n",
       "      <td>0.348128</td>\n",
       "      <td>0.970068</td>\n",
       "      <td>0.971277</td>\n",
       "      <td>0.968822</td>\n",
       "      <td>0.960143</td>\n",
       "      <td>0.185040</td>\n",
       "      <td>0.999306</td>\n",
       "      <td>1.000000</td>\n",
       "      <td>0.998877</td>\n",
       "      <td>0.999258</td>\n",
       "      <td>0.329426</td>\n",
       "      <td>0.175910</td>\n",
       "      <td>0.172520</td>\n",
       "      <td>0.178779</td>\n",
       "      <td>0.175322</td>\n",
       "      <td>0.342210</td>\n",
       "    </tr>\n",
       "    <tr>\n",
       "      <th>LowHeating</th>\n",
       "      <td>0.986645</td>\n",
       "      <td>0.987413</td>\n",
       "      <td>0.986077</td>\n",
       "      <td>0.986617</td>\n",
       "      <td>0.344130</td>\n",
       "      <td>0.972096</td>\n",
       "      <td>0.972577</td>\n",
       "      <td>0.971823</td>\n",
       "      <td>0.961486</td>\n",
       "      <td>0.184994</td>\n",
       "      <td>0.999249</td>\n",
       "      <td>0.998877</td>\n",
       "      <td>1.000000</td>\n",
       "      <td>0.999430</td>\n",
       "      <td>0.327414</td>\n",
       "      <td>0.166960</td>\n",
       "      <td>0.163332</td>\n",
       "      <td>0.170087</td>\n",
       "      <td>0.166412</td>\n",
       "      <td>0.344088</td>\n",
       "    </tr>\n",
       "    <tr>\n",
       "      <th>CloseHeating</th>\n",
       "      <td>0.984373</td>\n",
       "      <td>0.985803</td>\n",
       "      <td>0.983840</td>\n",
       "      <td>0.985171</td>\n",
       "      <td>0.345271</td>\n",
       "      <td>0.970478</td>\n",
       "      <td>0.971677</td>\n",
       "      <td>0.970278</td>\n",
       "      <td>0.961142</td>\n",
       "      <td>0.184013</td>\n",
       "      <td>0.998631</td>\n",
       "      <td>0.999258</td>\n",
       "      <td>0.999430</td>\n",
       "      <td>1.000000</td>\n",
       "      <td>0.326922</td>\n",
       "      <td>0.171303</td>\n",
       "      <td>0.167998</td>\n",
       "      <td>0.174521</td>\n",
       "      <td>0.171207</td>\n",
       "      <td>0.342707</td>\n",
       "    </tr>\n",
       "    <tr>\n",
       "      <th>VolumeHeating</th>\n",
       "      <td>0.312586</td>\n",
       "      <td>0.314427</td>\n",
       "      <td>0.309161</td>\n",
       "      <td>0.310379</td>\n",
       "      <td>0.664396</td>\n",
       "      <td>0.261230</td>\n",
       "      <td>0.261882</td>\n",
       "      <td>0.258770</td>\n",
       "      <td>0.245017</td>\n",
       "      <td>0.430134</td>\n",
       "      <td>0.329033</td>\n",
       "      <td>0.329426</td>\n",
       "      <td>0.327414</td>\n",
       "      <td>0.326922</td>\n",
       "      <td>1.000000</td>\n",
       "      <td>-0.287660</td>\n",
       "      <td>-0.288044</td>\n",
       "      <td>-0.286350</td>\n",
       "      <td>-0.287936</td>\n",
       "      <td>0.651070</td>\n",
       "    </tr>\n",
       "    <tr>\n",
       "      <th>OpenNatural</th>\n",
       "      <td>0.143443</td>\n",
       "      <td>0.145602</td>\n",
       "      <td>0.141291</td>\n",
       "      <td>0.143161</td>\n",
       "      <td>-0.429104</td>\n",
       "      <td>0.253591</td>\n",
       "      <td>0.256151</td>\n",
       "      <td>0.251214</td>\n",
       "      <td>0.267723</td>\n",
       "      <td>-0.264399</td>\n",
       "      <td>0.171576</td>\n",
       "      <td>0.175910</td>\n",
       "      <td>0.166960</td>\n",
       "      <td>0.171303</td>\n",
       "      <td>-0.287660</td>\n",
       "      <td>1.000000</td>\n",
       "      <td>0.998588</td>\n",
       "      <td>0.998724</td>\n",
       "      <td>0.997199</td>\n",
       "      <td>-0.419142</td>\n",
       "    </tr>\n",
       "    <tr>\n",
       "      <th>HighNatural</th>\n",
       "      <td>0.138720</td>\n",
       "      <td>0.141118</td>\n",
       "      <td>0.136680</td>\n",
       "      <td>0.138757</td>\n",
       "      <td>-0.429562</td>\n",
       "      <td>0.248693</td>\n",
       "      <td>0.251573</td>\n",
       "      <td>0.246507</td>\n",
       "      <td>0.263538</td>\n",
       "      <td>-0.267221</td>\n",
       "      <td>0.167798</td>\n",
       "      <td>0.172520</td>\n",
       "      <td>0.163332</td>\n",
       "      <td>0.167998</td>\n",
       "      <td>-0.288044</td>\n",
       "      <td>0.998588</td>\n",
       "      <td>1.000000</td>\n",
       "      <td>0.998144</td>\n",
       "      <td>0.998616</td>\n",
       "      <td>-0.415513</td>\n",
       "    </tr>\n",
       "    <tr>\n",
       "      <th>LowNatura</th>\n",
       "      <td>0.146989</td>\n",
       "      <td>0.149275</td>\n",
       "      <td>0.145177</td>\n",
       "      <td>0.147147</td>\n",
       "      <td>-0.428595</td>\n",
       "      <td>0.256942</td>\n",
       "      <td>0.259665</td>\n",
       "      <td>0.255021</td>\n",
       "      <td>0.271367</td>\n",
       "      <td>-0.262233</td>\n",
       "      <td>0.174300</td>\n",
       "      <td>0.178779</td>\n",
       "      <td>0.170087</td>\n",
       "      <td>0.174521</td>\n",
       "      <td>-0.286350</td>\n",
       "      <td>0.998724</td>\n",
       "      <td>0.998144</td>\n",
       "      <td>1.000000</td>\n",
       "      <td>0.998797</td>\n",
       "      <td>-0.422091</td>\n",
       "    </tr>\n",
       "    <tr>\n",
       "      <th>CloseNatural</th>\n",
       "      <td>0.142426</td>\n",
       "      <td>0.144886</td>\n",
       "      <td>0.140673</td>\n",
       "      <td>0.142892</td>\n",
       "      <td>-0.429606</td>\n",
       "      <td>0.252263</td>\n",
       "      <td>0.255216</td>\n",
       "      <td>0.250441</td>\n",
       "      <td>0.267360</td>\n",
       "      <td>-0.265043</td>\n",
       "      <td>0.170568</td>\n",
       "      <td>0.175322</td>\n",
       "      <td>0.166412</td>\n",
       "      <td>0.171207</td>\n",
       "      <td>-0.287936</td>\n",
       "      <td>0.997199</td>\n",
       "      <td>0.998616</td>\n",
       "      <td>0.998797</td>\n",
       "      <td>1.000000</td>\n",
       "      <td>-0.419347</td>\n",
       "    </tr>\n",
       "    <tr>\n",
       "      <th>VolumeNatural</th>\n",
       "      <td>0.321737</td>\n",
       "      <td>0.322324</td>\n",
       "      <td>0.320462</td>\n",
       "      <td>0.320632</td>\n",
       "      <td>0.630312</td>\n",
       "      <td>0.256567</td>\n",
       "      <td>0.257355</td>\n",
       "      <td>0.255864</td>\n",
       "      <td>0.245096</td>\n",
       "      <td>0.416516</td>\n",
       "      <td>0.343210</td>\n",
       "      <td>0.342210</td>\n",
       "      <td>0.344088</td>\n",
       "      <td>0.342707</td>\n",
       "      <td>0.651070</td>\n",
       "      <td>-0.419142</td>\n",
       "      <td>-0.415513</td>\n",
       "      <td>-0.422091</td>\n",
       "      <td>-0.419347</td>\n",
       "      <td>1.000000</td>\n",
       "    </tr>\n",
       "  </tbody>\n",
       "</table>\n",
       "</div>"
      ],
      "text/plain": [
       "               OpenBrent  HighBrent  LowBrent  CloseBrent  VolumeBrent  \\\n",
       "OpenBrent       1.000000   0.999519  0.999391    0.998954     0.308884   \n",
       "HighBrent       0.999519   1.000000  0.999189    0.999430     0.312670   \n",
       "LowBrent        0.999391   0.999189  1.000000    0.999575     0.303514   \n",
       "CloseBrent      0.998954   0.999430  0.999575    1.000000     0.306981   \n",
       "VolumeBrent     0.308884   0.312670  0.303514    0.306981     1.000000   \n",
       "OpenCrude       0.983384   0.983147  0.982574    0.982370     0.240224   \n",
       "HighCrude       0.982642   0.983336  0.982039    0.982556     0.243369   \n",
       "LowCrude        0.982949   0.982989  0.983369    0.983211     0.236680   \n",
       "CloseCrude      0.973248   0.974290  0.973191    0.974198     0.222964   \n",
       "VolumeCrude     0.165633   0.167481  0.162840    0.164447     0.465690   \n",
       "OpenHeating     0.985781   0.986275  0.984047    0.984560     0.346497   \n",
       "HighHeating     0.983467   0.984886  0.981947    0.983147     0.348128   \n",
       "LowHeating      0.986645   0.987413  0.986077    0.986617     0.344130   \n",
       "CloseHeating    0.984373   0.985803  0.983840    0.985171     0.345271   \n",
       "VolumeHeating   0.312586   0.314427  0.309161    0.310379     0.664396   \n",
       "OpenNatural     0.143443   0.145602  0.141291    0.143161    -0.429104   \n",
       "HighNatural     0.138720   0.141118  0.136680    0.138757    -0.429562   \n",
       "LowNatura       0.146989   0.149275  0.145177    0.147147    -0.428595   \n",
       "CloseNatural    0.142426   0.144886  0.140673    0.142892    -0.429606   \n",
       "VolumeNatural   0.321737   0.322324  0.320462    0.320632     0.630312   \n",
       "\n",
       "               OpenCrude  HighCrude  LowCrude  CloseCrude  VolumeCrude  \\\n",
       "OpenBrent       0.983384   0.982642  0.982949    0.973248     0.165633   \n",
       "HighBrent       0.983147   0.983336  0.982989    0.974290     0.167481   \n",
       "LowBrent        0.982574   0.982039  0.983369    0.973191     0.162840   \n",
       "CloseBrent      0.982370   0.982556  0.983211    0.974198     0.164447   \n",
       "VolumeBrent     0.240224   0.243369  0.236680    0.222964     0.465690   \n",
       "OpenCrude       1.000000   0.999243  0.999214    0.990100     0.136418   \n",
       "HighCrude       0.999243   1.000000  0.998812    0.991461     0.138551   \n",
       "LowCrude        0.999214   0.998812  1.000000    0.990400     0.132341   \n",
       "CloseCrude      0.990100   0.991461  0.990400    1.000000     0.113418   \n",
       "VolumeCrude     0.136418   0.138551  0.132341    0.113418     1.000000   \n",
       "OpenHeating     0.971799   0.972026  0.970274    0.960441     0.185564   \n",
       "HighHeating     0.970068   0.971277  0.968822    0.960143     0.185040   \n",
       "LowHeating      0.972096   0.972577  0.971823    0.961486     0.184994   \n",
       "CloseHeating    0.970478   0.971677  0.970278    0.961142     0.184013   \n",
       "VolumeHeating   0.261230   0.261882  0.258770    0.245017     0.430134   \n",
       "OpenNatural     0.253591   0.256151  0.251214    0.267723    -0.264399   \n",
       "HighNatural     0.248693   0.251573  0.246507    0.263538    -0.267221   \n",
       "LowNatura       0.256942   0.259665  0.255021    0.271367    -0.262233   \n",
       "CloseNatural    0.252263   0.255216  0.250441    0.267360    -0.265043   \n",
       "VolumeNatural   0.256567   0.257355  0.255864    0.245096     0.416516   \n",
       "\n",
       "               OpenHeating  HighHeating  LowHeating  CloseHeating  \\\n",
       "OpenBrent         0.985781     0.983467    0.986645      0.984373   \n",
       "HighBrent         0.986275     0.984886    0.987413      0.985803   \n",
       "LowBrent          0.984047     0.981947    0.986077      0.983840   \n",
       "CloseBrent        0.984560     0.983147    0.986617      0.985171   \n",
       "VolumeBrent       0.346497     0.348128    0.344130      0.345271   \n",
       "OpenCrude         0.971799     0.970068    0.972096      0.970478   \n",
       "HighCrude         0.972026     0.971277    0.972577      0.971677   \n",
       "LowCrude          0.970274     0.968822    0.971823      0.970278   \n",
       "CloseCrude        0.960441     0.960143    0.961486      0.961142   \n",
       "VolumeCrude       0.185564     0.185040    0.184994      0.184013   \n",
       "OpenHeating       1.000000     0.999306    0.999249      0.998631   \n",
       "HighHeating       0.999306     1.000000    0.998877      0.999258   \n",
       "LowHeating        0.999249     0.998877    1.000000      0.999430   \n",
       "CloseHeating      0.998631     0.999258    0.999430      1.000000   \n",
       "VolumeHeating     0.329033     0.329426    0.327414      0.326922   \n",
       "OpenNatural       0.171576     0.175910    0.166960      0.171303   \n",
       "HighNatural       0.167798     0.172520    0.163332      0.167998   \n",
       "LowNatura         0.174300     0.178779    0.170087      0.174521   \n",
       "CloseNatural      0.170568     0.175322    0.166412      0.171207   \n",
       "VolumeNatural     0.343210     0.342210    0.344088      0.342707   \n",
       "\n",
       "               VolumeHeating  OpenNatural  HighNatural  LowNatura  \\\n",
       "OpenBrent           0.312586     0.143443     0.138720   0.146989   \n",
       "HighBrent           0.314427     0.145602     0.141118   0.149275   \n",
       "LowBrent            0.309161     0.141291     0.136680   0.145177   \n",
       "CloseBrent          0.310379     0.143161     0.138757   0.147147   \n",
       "VolumeBrent         0.664396    -0.429104    -0.429562  -0.428595   \n",
       "OpenCrude           0.261230     0.253591     0.248693   0.256942   \n",
       "HighCrude           0.261882     0.256151     0.251573   0.259665   \n",
       "LowCrude            0.258770     0.251214     0.246507   0.255021   \n",
       "CloseCrude          0.245017     0.267723     0.263538   0.271367   \n",
       "VolumeCrude         0.430134    -0.264399    -0.267221  -0.262233   \n",
       "OpenHeating         0.329033     0.171576     0.167798   0.174300   \n",
       "HighHeating         0.329426     0.175910     0.172520   0.178779   \n",
       "LowHeating          0.327414     0.166960     0.163332   0.170087   \n",
       "CloseHeating        0.326922     0.171303     0.167998   0.174521   \n",
       "VolumeHeating       1.000000    -0.287660    -0.288044  -0.286350   \n",
       "OpenNatural        -0.287660     1.000000     0.998588   0.998724   \n",
       "HighNatural        -0.288044     0.998588     1.000000   0.998144   \n",
       "LowNatura          -0.286350     0.998724     0.998144   1.000000   \n",
       "CloseNatural       -0.287936     0.997199     0.998616   0.998797   \n",
       "VolumeNatural       0.651070    -0.419142    -0.415513  -0.422091   \n",
       "\n",
       "               CloseNatural  VolumeNatural  \n",
       "OpenBrent          0.142426       0.321737  \n",
       "HighBrent          0.144886       0.322324  \n",
       "LowBrent           0.140673       0.320462  \n",
       "CloseBrent         0.142892       0.320632  \n",
       "VolumeBrent       -0.429606       0.630312  \n",
       "OpenCrude          0.252263       0.256567  \n",
       "HighCrude          0.255216       0.257355  \n",
       "LowCrude           0.250441       0.255864  \n",
       "CloseCrude         0.267360       0.245096  \n",
       "VolumeCrude       -0.265043       0.416516  \n",
       "OpenHeating        0.170568       0.343210  \n",
       "HighHeating        0.175322       0.342210  \n",
       "LowHeating         0.166412       0.344088  \n",
       "CloseHeating       0.171207       0.342707  \n",
       "VolumeHeating     -0.287936       0.651070  \n",
       "OpenNatural        0.997199      -0.419142  \n",
       "HighNatural        0.998616      -0.415513  \n",
       "LowNatura          0.998797      -0.422091  \n",
       "CloseNatural       1.000000      -0.419347  \n",
       "VolumeNatural     -0.419347       1.000000  "
      ]
     },
     "execution_count": 4,
     "metadata": {},
     "output_type": "execute_result"
    }
   ],
   "source": [
    "df.corr()"
   ]
  },
  {
   "cell_type": "code",
   "execution_count": 6,
   "metadata": {},
   "outputs": [],
   "source": [
    "df['AverageBrent'] = df['HighBrent'] + df['LowBrent'] / 2\n",
    "df['AverageHeating'] = df['HighHeating'] + df['LowHeating'] / 2\n",
    "df['AverageCrude'] = df['HighCrude'] + df['LowCrude'] / 2"
   ]
  },
  {
   "cell_type": "code",
   "execution_count": 7,
   "metadata": {},
   "outputs": [
    {
     "data": {
      "text/html": [
       "<div>\n",
       "<style scoped>\n",
       "    .dataframe tbody tr th:only-of-type {\n",
       "        vertical-align: middle;\n",
       "    }\n",
       "\n",
       "    .dataframe tbody tr th {\n",
       "        vertical-align: top;\n",
       "    }\n",
       "\n",
       "    .dataframe thead th {\n",
       "        text-align: right;\n",
       "    }\n",
       "</style>\n",
       "<table border=\"1\" class=\"dataframe\">\n",
       "  <thead>\n",
       "    <tr style=\"text-align: right;\">\n",
       "      <th></th>\n",
       "      <th>Date</th>\n",
       "      <th>OpenBrent</th>\n",
       "      <th>HighBrent</th>\n",
       "      <th>LowBrent</th>\n",
       "      <th>CloseBrent</th>\n",
       "      <th>VolumeBrent</th>\n",
       "      <th>OpenCrude</th>\n",
       "      <th>HighCrude</th>\n",
       "      <th>LowCrude</th>\n",
       "      <th>CloseCrude</th>\n",
       "      <th>...</th>\n",
       "      <th>CloseHeating</th>\n",
       "      <th>VolumeHeating</th>\n",
       "      <th>OpenNatural</th>\n",
       "      <th>HighNatural</th>\n",
       "      <th>LowNatura</th>\n",
       "      <th>CloseNatural</th>\n",
       "      <th>VolumeNatural</th>\n",
       "      <th>AverageBrent</th>\n",
       "      <th>AverageHeating</th>\n",
       "      <th>AverageCrude</th>\n",
       "    </tr>\n",
       "  </thead>\n",
       "  <tbody>\n",
       "    <tr>\n",
       "      <th>0</th>\n",
       "      <td>2000-01-04</td>\n",
       "      <td>23.90</td>\n",
       "      <td>24.70</td>\n",
       "      <td>23.89</td>\n",
       "      <td>24.39</td>\n",
       "      <td>32509</td>\n",
       "      <td>25.20</td>\n",
       "      <td>25.69</td>\n",
       "      <td>24.71</td>\n",
       "      <td>25.55</td>\n",
       "      <td>...</td>\n",
       "      <td>0.6778</td>\n",
       "      <td>25311</td>\n",
       "      <td>2.130</td>\n",
       "      <td>2.200</td>\n",
       "      <td>2.130</td>\n",
       "      <td>2.176</td>\n",
       "      <td>30152</td>\n",
       "      <td>36.645</td>\n",
       "      <td>1.01000</td>\n",
       "      <td>38.045</td>\n",
       "    </tr>\n",
       "    <tr>\n",
       "      <th>1</th>\n",
       "      <td>2000-01-05</td>\n",
       "      <td>24.25</td>\n",
       "      <td>24.37</td>\n",
       "      <td>23.70</td>\n",
       "      <td>23.73</td>\n",
       "      <td>30310</td>\n",
       "      <td>25.50</td>\n",
       "      <td>25.61</td>\n",
       "      <td>24.87</td>\n",
       "      <td>24.91</td>\n",
       "      <td>...</td>\n",
       "      <td>0.6655</td>\n",
       "      <td>18691</td>\n",
       "      <td>2.180</td>\n",
       "      <td>2.200</td>\n",
       "      <td>2.125</td>\n",
       "      <td>2.168</td>\n",
       "      <td>27946</td>\n",
       "      <td>36.220</td>\n",
       "      <td>1.01150</td>\n",
       "      <td>38.045</td>\n",
       "    </tr>\n",
       "    <tr>\n",
       "      <th>2</th>\n",
       "      <td>2000-01-06</td>\n",
       "      <td>23.55</td>\n",
       "      <td>24.22</td>\n",
       "      <td>23.35</td>\n",
       "      <td>23.62</td>\n",
       "      <td>44662</td>\n",
       "      <td>24.80</td>\n",
       "      <td>25.34</td>\n",
       "      <td>24.51</td>\n",
       "      <td>24.78</td>\n",
       "      <td>...</td>\n",
       "      <td>0.6628</td>\n",
       "      <td>27082</td>\n",
       "      <td>2.165</td>\n",
       "      <td>2.220</td>\n",
       "      <td>2.135</td>\n",
       "      <td>2.196</td>\n",
       "      <td>29071</td>\n",
       "      <td>35.895</td>\n",
       "      <td>1.01050</td>\n",
       "      <td>37.595</td>\n",
       "    </tr>\n",
       "    <tr>\n",
       "      <th>3</th>\n",
       "      <td>2000-01-07</td>\n",
       "      <td>23.57</td>\n",
       "      <td>23.98</td>\n",
       "      <td>23.05</td>\n",
       "      <td>23.09</td>\n",
       "      <td>34826</td>\n",
       "      <td>24.65</td>\n",
       "      <td>25.00</td>\n",
       "      <td>24.15</td>\n",
       "      <td>24.22</td>\n",
       "      <td>...</td>\n",
       "      <td>0.6475</td>\n",
       "      <td>26320</td>\n",
       "      <td>2.195</td>\n",
       "      <td>2.230</td>\n",
       "      <td>2.155</td>\n",
       "      <td>2.173</td>\n",
       "      <td>28455</td>\n",
       "      <td>35.505</td>\n",
       "      <td>0.99400</td>\n",
       "      <td>37.075</td>\n",
       "    </tr>\n",
       "    <tr>\n",
       "      <th>4</th>\n",
       "      <td>2000-01-10</td>\n",
       "      <td>23.04</td>\n",
       "      <td>23.78</td>\n",
       "      <td>23.04</td>\n",
       "      <td>23.73</td>\n",
       "      <td>26388</td>\n",
       "      <td>24.22</td>\n",
       "      <td>24.75</td>\n",
       "      <td>24.02</td>\n",
       "      <td>24.67</td>\n",
       "      <td>...</td>\n",
       "      <td>0.6472</td>\n",
       "      <td>20721</td>\n",
